9
10
11
19
21
23
24
27
30
32
33
35
36
37
38
40
41
42
43
46
51
52
53
54
55
56
57
59
62
63
72
74
79
81
82
83
85
88
90
91
92
95
96
97
98
101
104
105
106
107
109
110
111
112
113
114
115
116
117
118
120
121
122
123
124
125
126
127
131
132
133
134
136
137
138
139
141
142
143
149
150
151
152
153
154
155
157
159
160
161
162
163
164
165
168
169
173
174
176
177
178
179
180
181
182
183
184
186
187
190
192
193
194
195
196
197
198
199
201
202
203
204
205
208
209
213
214
215
218
220
221
222
223
224
225
226
229
230
232
234
235
245
246
249
250
251
253
254
255
256
259
260
261
262
264
265
266
267
268
269
270
274
275
276
277
278
280
281
282
283
284
285
287
288
289
290
291
292
293
294
295
297
300
303
304
310
311
312
314
315
319
324
326
327
331
332
334
335
341
342
343
345
347
349
350
352
354
355
356
357
358
360
361
362
363
364
366
367
368
369
371
372
373
374
376
378
379
380
381
383
384
385
389
392
394
395
396
399
401
402
403
404
405
406
409
410
411
412
413
414
415
417
418
419
420
421
422
423
426
427
428
430
431
434
435
436
437
438
439
442
443
444
446
448
451
452
454
456
457
458
459
460
461
462
463
464
466
467
468
470
472
474
475
476
480
484
486
487
488
490
491
492
495
496
497
498
499
500
501
502
503
504
505
506
508
509
510
511
512
513
516
517
519
520
521
522
523
524
525
526
527
528
530
532
533
534
535
536
537
538
539
541
542
543
545
547
549
550
551
552
553
554
555
556
557
558
559
560
561
562
563
564
565
566
567
568
569
570
572
573
574
575
576
577
578
579
582
583
584
585
586
587
590
591
592
593
598
600
602
603
604
606
607
608
609
611
617
618
619
629
631
632
633
634
635
636
646
649
652
653
654
655
662
663
666
667
669
670
673
676
677
679
682
683
685
686
687
690
691
693
694
695
697
698
699
700
704
705
706
707
708
709
712
714
715
716
717
719
720
721
723
726
727
728
730
731
733
735
738
740
741
743
746
748
750
752
755
757
758
759
762
764
765
766
768
769
770
771
773
774
775
777
778
780
782
786
787
790
792
795
798
799
800
801
803
804
805
806
807
808
813
816
817
818
823
825
826
827
828
829
831
834
837
838
841
842
843
844
847
849
852
853
854
855
857
858
859
862
863
864
865
867
868
869
870
871
872
873
876
878
882
883
884
885
886
887
890
891
892
893
894
895
896
897
898
899
900
902
904
905
17896
17897
17898
17899
17900
17901
17902
17904
17905
17906
17907
17908
17910
17913
17916
17917
17918
17919
17920
17921
17923
17924
17925
17926
17928
17929
17930
17931
17932
17933
17934
17935
17937
17938
17939
17940
17941
17942
17943
17944
17945
17946
17947
17948
17949
17950
17951
17953
17954
17955
17956
17957
17958
17959
17964
17965
17966
17968
17971
17972
17974
17975
17977
17978
17980
17981
17984
17985
17988
17989
17991
17992
17993
17994
17995
17996
17997
17998
17999
18000
18001
18002
18003
18004
18006
18007
18008
18009
18010
18011
18012
18013
18014
18017
18018
18021
18022
18023
18025
18026
18027
18029
18030
18031
18032
18034
18035
18036
18037
18038
18042
18044
18045
18047
18050
18051
18052
18053
18054
18056
18059
18060
18061
18062
18063
18064
18067
18069
18070
18071
18072
18076
18077
18078
18079
18081
18082
18083
18084
18086
18087
18088
18089
18091
18094
18095
18096
18097
18098
18099
18100
18101
18102
18104
18106
18107
18108
18109
18112
18113
18115
18116
18117
18120
18121
18122
18123
18124
18125
18126
18127
18129
18130
18131
18133
18134
18135
18138
18139
18143
18145
18146
18147
18148
18149
18151
18152
18153
18154
18155
18157
18159
18160
18162
18163
18164
18165
18166
18167
18168
18169
18170
18171
18172
18173
18174
18175
18176
18178
18179
18181
18183
18186
18187
18188
18189
18190
18191
18192
18193
18194
18195
18196
18197
18199
18200
18201
18202
18204
18206
18207
18208
18209
18210
18211
18212
18213
18214
18216
18218
18219
18220
18223
18224
18225
18226
18228
18229
18230
18232
18234
18236
18237
18238
18239
18241
18242
18244
18245
18246
18247
18249
18250
18251
18252
18253
18255
18256
18259
18260
18261
18262
18263
18264
18265
18267
18268
18270
18271
18272
18273
18274
18275
18276
18277
18278
18279
18280
18282
18283
18284
18285
18286
18287
18288
18289
18290
18291
18292
18293
18294
18295
18297
18298
18299
18300
18303
18304
18305
18306
18307
18308
18309
18310
18311
18312
18313
18314
18316
18317
18318
18319
18320
18322
18323
18331
18333
18334
18335
18336
18337
18338
18339
18340
18341
18342
18343
18344
18345
18346
18347
18349
18350
18351
18352
18353
18354
18357
18358
18359
18360
18361
18363
18364
18366
18367
18371
18374
18375
18376
18377
18378
18379
18380
18382
18383
18384
18385
18386
18387
18388
18391
18392
18393
18394
18395
18396
18397
18398
18399
18400
18401
18402
18404
18405
18406
18407
18410
18412
18413
18415
18416
18417
18418
18420
18421
18422
18423
18424
18425
18426
18427
18429
18430
18432
18433
18434
18436
18437
18438
18439
18441
18443
18444
18445
18446
18447
18448
18449
18450
18451
18452
18453
18454
18455
18458
18459
18461
18464
18466
18467
18468
18469
18470
18471
18472
18474
18477
18478
18479
18481
18484
18485
18486
18487
18489
18490
18491
18492
18493
18494
18495
18496
18498
18499
18500
18501
18502
18503
18504
18505
18506
18507
18508
18509
18510
18512
18513
18514
18515
18516
18518
18519
18520
18521
18522
18523
18524
18525
18526
18528
18529
18530
18531
18532
18533
18534
18535
18539
18540
18541
18542
18543
18544
18545
18546
18549
18550
18551
18553
18554
18555
18556
18557
18558
18561
18562
18563
18564
18565
18566
18568
18569
18570
18571
18572
18573
18574
18575
18576
18577
18578
18581
18583
18584
18585
18586
18587
18588
18589
18591
18592
18593
18594
18596
18597
18598
18600
18601
18604
18605
18606
18607
18608
18609
18610
18611
18612
18613
18615
18616
18617
18618
18619
18621
18624
18626
18627
18628
18629
18631
18632
18633
18634
18635
18637
18638
18639
18640
18641
18642
18644
18645
18646
18647
18649
18650
18653
18654
18655
18656
18657
18660
18661
18662
18663
18664
18665
18667
18669
18670
18671
18672
18673
18675
18676
18677
18681
18682
18683
18685
18686
18688
18689
18690
18691
18692
18695
18698
18699
18700
18702
18704
18705
18709
18710
18712
18713
18714
18716
18720
18721
18722
18723
18724
18725
18726
18727
18728
18729
18730
18731
18732
18733
18734
18735
18736
18738
18739
18740
18741
18742
18743
18744
18745
18746
18748
18750
18751
18752
18753
18754
18756
18757
18758
18759
18760
18764
18765
18766
18769
18770
18772
18774
18775
18777
18778
18779
18780
18781
18782
18783
18784
18785
18786
18787
18788
18789
18790
18791
18792
18793
18795
18796
18797
18798
18799
18805
18806
18807
18808
18809
18810
18812
18813
18814
18815
18817
18818
18819
18820
18825
18826
18827
18828
18829
18830
18836
18837
18838
18839
18840
18841
18842
18843
18844
18847
18848
18849
18850
18851
18853
18854
18855
18857
18859
18861
18862
18863
18864
18865
18866
18867
18870
18871
18873
18875
18876
18877
18878
18879
18880
18881
18882
18883
18885
18887
18888
18890
18894
18895
18896
18897
18898
18899
18901
18902
18903
18904
18905
18907
18908
18909
18910
18912
18914
18917
18918
18919
18920
18921
18922
18923
18925
18926
18927
18928
18929
18931
18932
18933
18935
18936
18937
18938
18939
18940
18941
18942
18945
18946
18948
18949
18952
18955
18956
18957
18958
18960
18961
18962
18963
18964
18965
18968
18971
18972
18973
18974
18975
18976
18977
18980
18981
18982
18984
18985
18986
18987
18988
18990
18991
18992
18993
18994
18996
18997
18999
19001
19002
19004
19005
19006
19007
19008
19009
19010
19011
19013
19014
19015
19018
19019
19020
19022
19023
19025
19028
19029
19031
19032
19033
19041
19043
19044
19045
19046
19048
19050
19052
19053
19054
19055
19056
19058
19059
19060
19061
19063
19064
19065
19067
19068
19069
19070
19071
19072
19073
19074
19077
19078
19082
19083
19084
19085
19086
19088
19089
19090
19092
19093
19094
19095
19096
19097
19098
19099
19100
19101
19102
19104
19105
19106
19107
19108
19109
19110
19111
19112
19114
19115
19116
19117
19118
19119
19120
19122
19124
19125
19130
19131
19132
19133
19134
19135
19136
19137
19138
19140
19142
19143
19144
19145
19146
19147
19152
19153
19155
19158
19159
19160
19162
19164
19168
19169
19170
19172
19173
19174
19176
19177
19178
19179
19180
19181
19183
19184
19185
19188
19189
19190
19191
19192
19193
19194
19195
19196
19197
19198
19200
19201
19202
19203
19204
19205
19206
19207
19208
19210
19213
19214
19215
19216
19217
19219
19220
19222
19224
19226
19227
19228
19230
19231
19233
19237
19238
19239
19240
19241
19242
19243
19245
19247
19249
19250
19251
19252
19253
19256
19257
19258
19259
19260
19261
19262
19264
19267
19268
19269
19271
19272
19273
19275
19276
19277
19279
19280
19281
19282
19283
19284
19285
19286
19287
19288
19289
19290
19292
19293
19294
19295
19296
19297
19298
19299
19300
19301
19302
19304
19305
19306
19308
19309
19310
19314
19315
19316
19317
19318
19320
19321
19322
19323
19324
19325
19326
19327
19328
19331
19332
19333
19334
19335
19337
19339
19340
19344
19347
19348
19349
19350
19351
19353
19354
19356
19357
19358
19360
19362
19364
19366
19367
19368
19370
19371
19373
19374
19375
19377
19378
19379
19381
19382
19384
19385
19386
19387
19390
19391
19393
19394
19395
19396
19397
19399
19400
19401
19403
19405
19407
19408
19412
19413
19414
19415
19416
19419
19420
19422
19423
19424
19425
19426
19427
19428
19429
19430
19431
19434
19436
19438
19439
19441
19442
19443
19444
19445
19447
19450
19451
19452
19453
19454
19455
19457
19460
19461
19462
19463
19464
19465
19466
19468
19469
19470
19471
19472
19473
19474
19475
19476
19478
19480
19482
19483
19485
19486
19488
19489
19490
19491
19492
19493
19494
19495
19497
19498
19499
19501
19502
19503
19504
19505
19507
19508
19509
19512
19513
19514
19515
19517
19518
19519
19520
19521
19522
19524
19525
19526
19528
19530
19531
19532
19533
19534
19535
19536
19537
19538
19539
19542
19544
19547
19548
19550
19551
19552
19553
19555
19556
19558
19560
19561
19562
19564
19565
19567
19568
19569
19572
19573
19578
19580
19583
19584
19585
19586
19588
19589
19590
19591
19592
19593
19594
19595
19596
19597
19599
19600
19601
19602
19604
19605
19606
19607
19610
19611
19612
19613
19614
19617
19619
19620
19621
19622
19624
19626
19627
19628
19629
19630
19631
19632
19634
19635
19636
19637
19638
19639
19640
19642
19643
19644
19645
19646
19647
19649
19651
19652
19653
19654
19655
19656
19657
19658
19659
19660
19661
19665
19667
19668
19669
19670
19671
19672
19673
19674
19675
19677
19680
19681
19683
19685
19687
19688
19689
19690
19695
19696
19697
19698
19700
19704
19705
19706
19707
19709
19710
19713
19716
19717
19718
19719
19720
19721
19722
19723
19724
19725
19727
19728
19730
19731
19733
19734
19735
19738
19739
19740
19743
19745
19746
19747
19750
19751
19752
19753
19754
19756
19757
19758
19759
19760
19761
19762
19763
19764
19765
19770
19771
19773
19774
19775
19776
19777
19778
19779
19780
19781
19783
19785
19786
19790
19791
19792
19793
19794
19796
19797
19800
19801
19802
19803
19804
19805
19806
19809
19813
19816
19817
19818
19822
19823
19825
19826
19827
19828
19829
19830
19831
19832
19833
19836
19839
19840
19841
19842
19843
19844
19845
19846
19847
19848
19849
19851
19852
19854
19857
19858
19859
19860
19861
19865
19866
19867
19868
19869
19870
19871
19872
19873
19874
19876
19877
19878
19879
19880
19881
19882
19883
19884
19887
19888
19889
19890
19891
19893
19897
19898
19900
19901
19902
19903
19905
19906
19907
19909
19910
19911
19913
19914
19915
19916
19917
19918
19919
19920
19922
19926
19927
19929
19931
19933
19934
19935
19936
19937
19939
19940
19944
19945
19946
19947
19949
19951
19952
19953
19954
19956
19957
19958
19959
19960
19961
19962
19963
19965
19967
19968
19969
19970
19971
19972
19979
19980
19982
19983
19984
19985
19986
19987
19988
19991
19993
19994
19995
19997
19998
20000
20001
20002
20003
20004
20006
20008
20012
20013
20014
20015
20016
20017
20018
20019
20022
20023
20024
20025
20026
20027
20028
20030
20033
20034
20035
20036
20039
20040
20041
20043
20044
20045
20046
20047
20048
20050
20054
20055
20056
20058
20060
20064
20065
20067
20069
20071
20072
20073
20074
20075
20076
20077
20079
20080
20082
20083
20086
20089
20090
20091
20092
20094
20095
20096
20097
20100
20101
20103
20105
20106
20107
20109
20112
20115
20116
20119
20120
20121
20122
20124
20125
20126
20129
20130
20131
20137
20138
20139
20140
20141
20142
20145
20146
20147
20150
20152
20153
20154
20156
20157
20158
20159
20161
20162
20164
20165
20166
20167
20168
20169
20171
20172
20176
20179
20180
20182
20185
20186
20187
20188
20189
20190
20191
20192
20193
20195
20196
20197
20198
20199
20200
20201
20202
20204
20205
20206
20207
20210
20211
20212
20214
20215
20216
20217
20218
20220
20221
20222
20223
20224
20226
20228
20230
20231
20233
20234
20237
20238
20240
20242
20243
20245
20247
20248
20250
20251
20253
20254
20255
20256
20257
20258
20260
20262
20263
20264
20265
20266
20267
20268
20271
20272
20273
20274
20275
20276
20277
20279
20280
20281
20282
20283
20284
20285
20286
20288
20289
20290
20291
20292
20294
20295
20298
20299
20300
20301
20302
20303
20304
20305
20308
20315
20316
20317
20318
20319
20320
20322
20323
20324
20326
20328
20329
20331
20332
20333
20336
20339
20343
20344
20345
20346
20353
20354
20355
20357
20358
20359
20361
20362
20364
20365
20366
20368
20370
20372
20373
20374
20375
20377
20378
20379
20380
20383
20385
20386
20388
20390
20391
20392
20393
20395
20399
20401
20403
20404
20405
20406
20407
20408
20410
20411
20413
20414
20415
20416
20417
20418
20419
20420
20421
20422
20424
20425
20426
20428
20429
20430
20431
20432
20434
20435
20436
20437
20440
20447
20448
20449
20451
20452
20454
20456
20457
20458
20459
20461
20462
20464
20466
20468
20469
20470
20471
20472
20473
20475
20476
20477
20478
20479
20480
20482
20483
20484
20485
20486
20487
20489
20490
20491
20494
20495
20496
20497
20499
20504
20505
20506
20507
20508
20509
20510
20512
20513
20514
20516
20517
20519
20520
20521
20522
20523
20524
20525
20527
20530
20535
20536
20537
20539
20540
20541
20543
20544
20545
20546
20548
20549
20550
20551
20556
20557
20558
20559
20560
20561
20562
20563
20564
20565
20566
20567
20568
20569
20570
20571
20572
20573
20574
20575
20577
20580
20581
20582
20583
20584
20586
20587
20588
20589
20591
20592
20594
20595
20597
20599
20600
20601
20602
20603
20605
20606
20608
20609
20610
20611
20612
20613
20614
20615
20616
20617
20619
20623
20624
20629
20630
20635
20638
20639
20640
20641
20642
20644
20646
20648
20649
20650
20651
20652
20653
20656
20658
20660
20661
20662
20663
20664
20665
20668
20669
20671
20673
20674
20676
20677
20678
20679
20680
20681
20682
20683
20684
20685
20686
20687
20688
20689
20690
20691
20692
20697
20702
20715
20716
20717
20719
20720
20721
20723
20724
20726
20728
20729
20731
20733
20734
20735
20736
20737
20738
20739
20740
20741
20744
20745
20746
20747
20748
20749
20750
20751
20752
20753
20755
20756
20757
20758
20759
20760
20761
20762
20763
20764
20765
20769
20771
20772
20773
20774
20775
20778
20779
20781
20784
20785
20786
20787
20788
20789
20790
20791
20797
20798
20799
20800
20805
20808
20810
20811
20812
20813
20814
20816
20817
20820
20824
20827
20828
20829
20830
20832
20833
20834
20835
20836
20839
20842
20844
20845
20846
20847
20848
20849
20850
20852
20854
20855
20857
20858
20859
20860
20861
20864
20867
20868
20874
20875
20876
20877
20880
20881
20882
20884
20889
20890
20891
20892
20895
20897
20898
20901
20904
20906
20908
20911
20913
20915
20916
20917
20920
20921
20922
20923
20925
20926
20927
20928
20929
20931
20932
20933
20936
20937
20938
20939
20941
20942
20944
20945
20946
20951
20952
20953
20954
20955
20957
20958
20960
20962
20963
20964
20965
20966
20967
20968
20969
20970
20971
20972
20974
20976
20980
20983
20985
20986
20987
20989
20993
20994
20995
20998
20999
21000
21002
21003
21004
21006
21007
21008
21009
21010
21012
21014
21015
21016
21020
21021
21022
21023
21024
21025
21026
21028
21029
21030
21031
21035
21036
21037
21038
21039
21040
21041
21042
21043
21045
21049
21051
21052
21053
21055
21056
21059
21060
21061
21062
21063
21064
21065
21066
21067
21068
21073
21075
21077
21078
21080
21081
21082
21083
21084
21085
21086
21087
21088
21089
21090
21096
21097
21100
21102
21105
21106
21107
21110
21111
21112
21114
21115
21116
21117
21121
21123
21124
21125
21126
21127
21128
21129
21130
21134
21135
21138
21139
21140
21141
21142
21144
21146
21148
21155
21157
21158
21159
21160
21161
21162
21163
21164
21165
21166
21167
21169
21170
21171
21173
21176
21178
21181
21182
21185
21186
21187
21188
21190
21192
21198
21200
21201
21202
21205
21206
21207
21209
21210
21211
21213
21214
21219
21221
21222
21223
21224
21225
21226
21228
21230
21231
21232
21233
21235
21236
21237
21238
21239
21243
21244
21245
21246
21249
21250
21251
21252
21253
21254
21255
21256
21260
21261
21263
21264
21269
21270
21271
21272
21274
21276
21277
21279
21280
21283
21284
21285
21286
21287
21288
21289
21292
21293
21297
21298
21300
21301
21302
21304
21308
21310
21311
21312
21313
21317
21319
21320
21321
21323
21324
21325
21326
21327
21328
21329
21330
21331
21333
21334
21335
21336
21337
21338
21339
21341
21342
21343
21344
21345
21346
21349
21353
21354
21357
21358
21359
21362
21363
21364
21365
21366
21370
21371
21372
21373
21374
21375
21376
21377
21378
21380
21382
21383
21384
21387
21388
21390
21391
21392
21393
21394
21395
21397
21398
21399
21400
21401
21403
21404
21405
21407
21408
21410
21411
21413
21414
21415
21417
21418
21419
21420
21421
21422
21423
21424
21425
21426
21427
21428
21429
21430
21434
21435
21436
21437
21438
21439
21440
21441
21443
21444
21445
21446
21447
21457
21458
21459
21460
21462
21463
21464
21467
21469
21470
21471
21472
21473
21475
21476
21477
21478
21481
21482
21483
21484
21486
21487
21488
21489
21490
21491
21495
21496
21497
21498
21499
21500
21502
21505
21506
21507
21509
21512
21514
21515
21516
21518
21520
21522
21523
21525
21526
21527
21528
21529
21530
21531
21532
21533
21534
21537
21538
21540
21541
21542
21543
21544
21551
21553
21555
21557
21560
21562
21563
21564
21565
21567
21570
21571
21572
21573
21574
21575
21576
21577
21579
21580
21581
21582
21583
21584
21585
21586
21589
21590
21591
21592
21593
21594
21595
21597
21598
21599
21602
21603
21604
21606
21609
21610
21611
21613
21614
21615
21616
21617
21618
21619
21620
21626
21629
21630
21631
21633
21634
21640
21643
21644
21646
21652
21653
21654
21655
21656
21658
21659
21661
21662
21663
21664
21665
21666
21667
21668
21669
21671
21672
21675
21676
21677
21678
21679
21680
21681
21686
21687
21688
21689
21690
21691
21694
21695
21696
21697
21700
21701
21702
21706
21707
21708
21709
21710
21711
21712
21713
21714
21718
21719
21721
21726
21727
21728
21731
21732
21733
21736
21738
21740
21745
21746
21748
21749
21750
21751
21752
21753
21754
21755
21756
21759
21760
21762
21763
21764
21767
21773
21775
21777
21778
21779
21780
21781
21782
21783
21784
21785
21786
21787
21788
21789
21790
21791
21792
21793
21795
21796
21798
21799
21800
21802
21804
21805
21806
21810
21811
21812
21814
21815
21816
21817
21818
21819
21820
21821
21822
21823
21824
21825
21827
21828
21830
21832
21835
21836
21837
21838
21840
21841
21842
21843
21844
21845
21846
21848
21849
21850
21851
21852
21854
21855
21856
21857
21859
21860
21862
21863
21864
21865
21866
21867
21869
21870
21871
21872
21873
21874
21875
21878
21879
21880
21882
21883
21884
21889
21890
21891
21892
21894
21895
21897
21898
21900
21902
21905
21906
21907
21909
21910
21911
21912
21913
21914
21920
21922
21925
21927
21928
21929
21930
21931
21932
21934
21935
21936
21939
21940
21941
21942
21943
21944
21945
21946
21947
21948
21952
21953
21954
21960
21961
21962
21964
21965
21966
21969
21970
21981
21983
21985
21988
21989
21991
21992
21994
21995
21996
21998
21999
22001
22002
22003
22004
22005
22006
22008
22009
22013
22014
22016
22017
22019
22021
22022
22025
22029
22041
22042
22043
22044
22046
22047
22048
22049
22050
22051
22052
22053
22054
22056
22057
22058
22060
22061
22063
22065
22067
22069
22070
22071
22072
22075
22076
22078
22079
22080
22081
22082
22084
22086
22087
22088
22089
22090
22092
22093
22094
22095
22096
22097
22098
22100
22101
22102
22103
22106
22107
22109
22111
22112
22113
22115
22116
22118
22120
22121
22122
22123
22124
22126
22130
22133
22135
22136
22137
22138
22139
22140
22141
22142
22143
22144
22146
22147
22149
22150
22151
22153
22154
22155
22156
22158
22159
22166
22167
22168
22169
22171
22172
22173
22174
22175
22176
22177
22179
22180
22182
22183
22185
22186
22187
22190
22191
22192
22193
22199
22200
22201
22202
22203
22204
22205
22208
22210
22211
22212
22214
22215
22216
22217
22218
22219
22220
22221
22224
22226
22229
22230
22231
22232
22234
22235
22237
22238
22240
22241
22242
22244
22245
22247
22249
22250
22251
22252
22253
22255
22257
22258
22260
22261
22263
22266
22267
22268
22270
22271
22272
22273
22274
22275
22276
22277
22278
22279
22281
22282
22283
22284
22285
22287
22288
22290
22291
22292
22294
22296
22305
22306
22307
22308
22309
22310
22311
22312
22313
22314
22316
22317
22318
22320
22321
22322
22323
22327
22330
22331
22334
22335
22336
22337
22338
22339
22340
22341
22342
22345
22346
22347
22348
22349
22350
22353
22354
22358
22359
22360
22361
22362
22363
22364
22365
22366
22369
22371
22372
22373
22375
22376
22378
22379
22380
22381
22383
22385
22387
22388
22390
22392
22393
22397
22399
22402
22405
22406
22407
22408
22409
22410
22412
22415
22417
22418
22419
22420
22421
22423
22427
22428
22429
22430
22432
22433
22434
22436
22437
22439
22440
22442
22444
22445
22446
22447
22448
22453
22454
22455
22456
22457
22461
22463
22464
22465
22468
22469
22471
22472
22479
22480
22481
22484
22485
22486
22487
22490
22492
22493
22495
22496
22497
22498
22499
22500
22501
22502
22505
22506
22507
22508
22509
22510
22511
22512
22513
22514
22515
22516
22517
22520
22523
22525
22526
22527
22528
22529
22530
22531
22532
22533
22534
22536
22538
22539
22541
22542
22543
22544
22546
22547
22549
22550
22552
22555
22557
22558
22560
22561
22562
22563
22564
22565
22567
22568
22569
22570
22573
22574
22576
22577
22578
22579
22580
22582
22584
22585
22586
22589
22590
22591
22593
22597
22598
22599
22600
22601
22603
22604
22607
22609
22616
22617
22618
22619
22621
22622
22624
22625
22626
22627
22629
22630
22631
22632
22633
22640
22641
22642
22643
22644
22645
22646
22648
22649
22650
22651
22653
22654
22657
22658
22659
22660
22663
22664
22665
22666
22667
22669
22672
22673
22674
22675
22677
22680
22684
22685
22686
22688
22689
22692
22693
22695
22696
22697
22698
22699
22700
22702
22704
22705
22707
22708
22709
22710
22711
22713
22715
22718
22721
22722
22724
22725
22729
22730
22731
22732
22734
22735
22736
22738
22739
22740
22741
22742
22744
22746
22748
22749
22750
22751
22754
22755
22757
22758
22762
22763
22764
22766
22768
22769
22772
22775
22776
22777
22778
22779
22780
22781
22782
22783
22786
22787
22788
22789
22790
22791
22793
22794
22796
22797
22798
22804
22805
22807
22808
22809
22810
22811
22814
22815
22817
22818
22820
22822
22823
22824
22829
22830
22831
22833
22834
22836
22837
22838
22839
22840
22841
22842
22843
22844
22845
22846
22847
22848
22849
22850
22851
22853
22855
22856
22857
22858
22859
22860
22861
22863
22867
22868
22870
22871
22872
22875
22876
22877
22878
22879
22880
22881
22888
22890
22891
22892
22894
22895
22896
22899
22900
22901
22902
22903
22904
22907
22908
22909
22910
22911
22912
22913
22914
22915
22916
22917
22918
22919
22920
22921
22922
22923
22924
22925
22926
22928
22929
22930
22932
22934
22935
22936
22937
22938
22939
22940
22941
22942
22948
22949
22950
22951
22952
22953
22954
22955
22956
22959
22960
22961
22962
22966
22970
22971
22972
22974
22975
22976
22979
22980
22981
22987
22992
22993
22994
22995
22996
22998
22999
23000
23001
23002
23003
23004
23005
23006
23007
23008
23014
23017
23019
23020
23021
23023
23025
23027
23030
23033
23035
23036
23037
23041
23042
23043
23044
23045
23046
23047
23049
23050
23052
23053
23054
23057
23059
23060
23061
23064
23065
23067
23068
23070
23072
23074
23075
23076
23077
23079
23080
23081
23082
23083
23084
23086
23089
23090
23091
23092
23093
23094
23095
23096
23097
23100
23102
23103
23104
23106
23108
23109
23110
23112
23113
23114
23115
23117
23118
23120
23121
23122
23123
23124
23126
23127
23128
23130
23132
23133
23135
23136
23137
23139
23140
23141
23142
23146
23147
23148
23149
23150
23151
23152
23153
23154
23155
23156
23157
23162
23163
23168
23169
23171
23172
23173
23174
23175
23178
23179
23181
23182
23183
23184
23185
23188
23191
23194
23195
23196
23197
23198
23199
23200
23201
23202
23203
23207
23208
23209
23210
23211
23212
23213
23214
23215
23216
23217
23218
23219
23220
23223
23224
23225
23226
23227
23233
23235
23242
23249
23250
23253
23254
23255
23258
23267
23268
23269
23270
23271
23275
23276
23277
23280
23281
23282
23284
23286
23287
23288
23289
23293
23294
23299
23300
23301
23302
23303
23304
23305
23306
23307
23308
23309
23310
23311
23312
23314
23315
23316
23317
23319
23320
23322
23323
23324
23325
23327
23328
23329
23330
23331
23332
23333
23334
23335
23336
23337
23338
23340
23341
23344
23345
23346
23348
23349
23352
23354
23360
23362
23364
23365
23367
23370
23371
23373
23375
23380
23381
23382
23383
23385
23387
23392
23394
23395
23396
23397
23398
23400
23403
23408
23409
23410
23411
23413
23414
23416
23417
23418
23420
23423
23424
23425
23426
23427
23428
23429
23430
23432
23434
23436
23437
23438
23439
23440
23441
23443
23444
23445
23446
23448
23449
23450
23451
23453
23454
23458
23460
23462
23463
23464
23465
23466
23468
23469
23470
23471
23473
23474
23475
23476
23477
23478
23480
23481
23482
23486
23489
23491
23492
23493
23494
23495
23496
23497
23498
23499
23500
23501
23502
23503
23504
23505
23506
23507
23508
23510
23511
23512
23513
23515
23516
23517
23518
23519
23520
23521
23522
23523
23524
23525
23528
23530
23531
23532
23534
23535
23536
23538
23540
23541
23542
23543
23544
23545
23546
23547
23549
23550
23551
23552
23553
23555
23556
23557
23558
23561
23564
23565
23568
23571
23573
23575
23576
23577
23578
23579
23580
23581
23583
23584
23585
23590
23591
23593
23594
23595
23596
23597
23598
23599
23600
23601
23602
23603
23604
23605
23607
23608
23609
23611
23612
23614
23616
23617
23618
23619
23624
23625
23626
23628
23629
23630
23631
23632
23633
23634
23635
23636
23637
23639
23640
23642
23643
23644
23647
23648
23649
23650
23652
23653
23654
23658
23659
23660
23661
23662
23663
23665
23666
23667
23670
23671
23672
23673
23675
23676
23677
23678
23679
23681
23682
23683
23685
23686
23687
23688
23691
23692
23693
23694
23695
23702
23703
23704
23706
23707
23711
23712
23713
23714
23715
23716
23718
23720
23721
23722
23723
23724
23725
23728
23731
23732
23733
23735
23736
23737
23738
23740
23744
23750
23751
23753
23755
23756
23757
23758
23760
23761
23762
23766
23769
23774
23776
23777
23778
23780
23781
23782
23784
23785
23789
23793
23795
23796
23797
23798
23799
23801
23803
23804
23806
23807
23809
23810
23811
23812
23813
23814
23815
23817
23819
23826
23828
23829
23830
23832
23834
23835
23836
23838
23839
23840
23841
23842
23845
23850
23855
23857
23858
23859
23861
23862
23864
23865
23866
23868
23869
23870
23872
23873
23874
23878
23879
23880
23881
23882
23883
23884
23887
23896
23897
23900
23903
23907
23908
23909
23912
23916
23925
23926
23927
23928
23929
23931
23934
23935
23936
23937
23938
23945
23947
23948
23949
23954
23955
23956
23957
23958
23959
23962
23963
23964
23965
23966
23969
23970
23973
23974
23975
23976
23977
23978
23979
23980
23981
23982
23985
23992
23994
23995
23996
23997
23998
23999
24002
24005
24006
24007
24008
24011
24012
24014
24016
24017
24019
24021
24023
24024
24025
24026
24028
24031
24032
24033
24034
24035
24038
24039
24041
24042
24043
24047
24048
24050
24051
24054
24057
24058
24059
24062
24065
24066
24067
24068
24069
24072
24075
24077
24078
24079
24080
24081
24082
24083
24084
24088
24090
24091
24092
24093
24095
24097
24098
24099
24102
24103
24104
24105
24106
24108
24111
24112
24113
24115
24116
24117
24118
24121
24122
24123
24125
24126
24128
24129
24130
24131
24132
24133
24134
24136
24137
24138
24139
24141
24142
24143
24145
24146
24147
24148
24149
24150
24152
24153
24154
24155
24156
24157
24158
24159
24160
24161
24162
24164
24165
24166
24167
24168
24169
24170
24171
24172
24173
24176
24177
24178
24179
24180
24182
24183
24184
24185
24187
24189
24190
24191
24192
24194
24195
24196
24197
24198
24199
24201
24202
24203
24204
24205
24207
24208
24210
24212
24213
24214
24215
24216
24217
24218
24219
24220
24222
24223
24224
24225
24226
24227
24228
24230
24231
24232
24235
24236
24237
24238
24239
24240
24241
24243
24244
24246
24247
24250
24251
24252
24253
24254
24256
24258
24259
24262
24263
24264
24265
24266
24267
24268
24269
24270
24271
24273
24274
24276
24277
24279
24280
24281
24282
24283
24285
24287
24288
24291
24292
24293
24294
24295
24296
24297
24298
24299
24300
24301
24302
24304
24305
24306
24307
24308
24309
24310
24311
24312
24313
24316
24318
24319
24322
24324
24326
24327
24330
24331
24332
24336
24337
24338
24339
24340
24341
24342
24343
24344
24345
24347
24348
24349
24350
24352
24353
24355
24356
24357
24358
24359
24360
24361
24362
24363
24364
24365
24367
24369
24370
24371
24372
24374
24375
24376
24377
24378
24379
24381
24383
24384
24385
24390
24391
24392
24395
24396
24397
24401
24402
24403
24404
24406
24407
24408
24409
24410
24414
24415
24416
24417
24418
24419
24420
24421
24424
24426
24427
24428
24429
24431
24432
24433
24434
24435
24438
24440
24441
24442
24444
24447
24448
24449
24451
24452
24453
24454
24455
24456
24460
24461
24462
24463
24464
24467
24468
24469
24470
24472
24474
24476
24479
24484
24485
24486
24488
24489
24490
24491
24493
24494
24495
24496
24498
24499
24500
24502
24503
24504
24505
24506
24507
24508
24509
24510
24511
24512
24513
24514
24515
24516
24519
24520
24521
24522
24523
24524
24526
24527
24528
24530
24531
24533
24534
24535
24537
24538
24539
24540
24541
24543
24545
24549
24551
24552
24553
24555
24556
24558
24559
24560
24561
24562
24563
24564
24565
24566
24567
24569
24570
24571
24572
24573
24574
24576
24578
24579
24580
24582
24583
24584
24585
24586
24587
24588
24589
24592
24593
24594
24595
24596
24597
24598
24599
24600
24601
24602
24603
24604
24605
24606
24608
24609
24610
24611
24613
24614
24615
24618
24620
24622
24623
24624
24625
24626
24627
24629
24630
24632
24633
24635
24636
24637
24639
24640
24641
24644
24645
24646
24648
24649
24650
24652
24653
24656
24658
24659
24661
24662
24663
24665
24666
24667
24668
24669
24670
24671
24672
24673
24674
24675
24676
24677
24678
24681
24683
24684
24686
24687
24688
24690
24691
24692
24693
24694
24696
24697
24698
24699
24704
24705
24707
24708
24710
24711
24712
24714
24715
24716
24718
24719
24720
24721
24722
24723
24724
24725
24727
24729
24731
24732
24733
24734
24735
24736
24737
24738
24739
24740
24741
24742
24746
24748
24749
24750
24751
24752
24753
24754
24755
24756
24757
24758
24761
24762
24763
24764
24766
24767
24768
24769
24770
24772
24773
24774
24775
24776
24778
24779
24780
24781
24784
24785
24786
24787
24788
24789
24790
24792
24793
24794
24796
24797
24798
24799
24800
24802
24803
24804
24806
24807
24808
24811
24812
24813
24814
24815
24817
24818
24820
24821
24823
24824
24826
24827
24830
24831
24832
24833
24834
24835
24836
24837
24838
24839
24840
24841
24842
24843
24844
24845
24846
24847
24849
24851
24852
24853
24854
24855
24856
24857
24858
24859
24860
24862
24863
24864
24865
24866
24868
24871
24895
24896
24897
24901
24902
24903
24904
24905
24906
24908
24909
24912
24913
24914
24915
24916
24917
24918
24919
24921
24922
24923
24924
24925
24926
24927
24929
24931
24932
24933
24934
24935
24936
24937
24941
24942
24944
24946
24948
24950
24951
24952
24954
24955
24956
24957
24958
24959
24961
24962
24963
24968
24969
24970
24971
24972
24973
24974
24975
24976
24977
24979
24982
24983
24984
24985
24986
24988
24989
24991
24992
24993
24994
25000
25001
25003
25005
25006
25009
25011
25012
25013
25015
25016
25017
25019
25020
25021
25023
25024
25025
25026
25027
25028
25029
25032
25033
25034
25036
25037
25038
25039
25040
25042
25043
25044
25045
25046
25047
25050
25051
25053
25057
25058
25060
25063
25064
25065
25067
25068
25069
25070
25071
25073
25074
25076
25077
25078
25079
25081
25083
25084
25087
25088
25090
25091
25092
25093
25095
25096
25097
25099
25100
25101
25102
25104
25106
25107
25108
25109
25110
25111
25112
25113
25114
25115
25117
25118
25119
25120
25121
25122
25123
25124
25125
25126
25132
25136
25140
25142
25144
25147
25148
25149
25152
25153
25155
25156
25157
25158
25159
25160
25161
25165
25166
25168
25169
25170
25171
25172
25173
25174
25175
25176
25178
25180
25182
25183
25184
25186
25191
25192
25193
25196
25197
25200
25201
25202
25203
25204
25210
25212
25213
25214
25215
25216
25217
25218
25219
25220
25221
25222
25223
25224
25227
25228
25231
25232
25233
25234
25235
25236
25237
25238
25239
25240
25241
25242
25243
25244
25245
25246
25248
25249
25250
25251
25253
25254
25255
25256
25257
25259
25260
25261
25262
25263
25264
25267
25268
25269
25271
25272
25273
25274
25275
25276
25281
25282
25284
25285
25286
25287
25288
25289
25290
25291
25292
25293
25294
25295
25296
25297
25298
25299
25302
25303
25304
25305
25306
25307
25308
25311
25312
25313
25314
25315
25316
25317
25318
25320
25321
25322
25324
25325
25331
25332
25333
25337
25338
25339
25344
25348
25349
25351
25352
25353
25354
25355
25356
25357
25358
25359
25360
25361
25364
25366
25367
25368
25369
25370
25373
25374
25375
25378
25379
25380
25382
25383
25386
25388
25389
25390
25391
25392
25394
25404
25409
25410
25412
25414
25415
25419
25420
25421
25422
25424
25425
25426
25427
25428
25429
25430
25433
25434
25435
25436
25437
25438
25439
25440
25443
25444
25445
25446
25447
25449
25451
25452
25454
25455
25456
25457
25458
25460
25461
25462
25463
25464
25465
25466
25471
25472
25476
25480
25481
25483
25484
25485
25486
25487
25488
25489
25490
25491
25492
25493
25494
25495
25496
25497
25499
25500
25502
25503
25504
25505
25506
25507
25508
25510
25511
25512
25513
25514
25515
25520
25521
25522
25523
25524
25525
25526
25527
25528
25530
25532
25535
25536
25538
25540
25541
25542
25543
25544
25546
25548
25549
25550
25551
25552
25553
25555
25557
25558
25559
25560
25561
25562
25564
25565
25566
25568
25569
25570
25571
25572
25573
25574
25575
25577
25578
25581
25582
25586
25589
25590
25591
25592
25594
25595
25596
25597
25598
25599
25600
25601
25602
25605
25607
25608
25610
25611
25612
25613
25614
25615
25616
25617
25618
25619
25620
25621
25622
25623
25624
25625
25626
25628
25629
25630
25633
25634
25636
25637
25638
25639
25641
25642
25643
25645
25647
25648
25649
25650
25651
25655
25656
25659
25660
25661
25662
25663
25664
25665
25666
25667
25668
25670
25673
25674
25676
25677
25678
25679
25680
25681
25683
25685
25686
25687
25688
25689
25690
25691
25693
25694
25695
25696
25697
25698
25699
25700
25701
25704
25705
25706
25707
25708
25709
25710
25711
25712
25713
25714
25715
25717
25718
25719
25720
25721
25722
25723
25725
25727
25729
25730
25731
25732
25733
25734
25735
25736
25737
25738
25739
25740
25742
25744
25747
25748
25750
25753
25754
25755
25756
25757
25759
25760
25763
25766
25768
25770
25771
25772
25773
25774
25775
25776
25778
25779
25780
25781
25782
25783
25784
25785
25786
25788
25789
25790
25791
25792
25794
25796
25797
25798
25799
25803
25804
25806
25808
25809
25810
25811
25812
25813
25814
25815
25816
25817
25819
25820
25822
25825
25827
25828
25829
25830
25831
25832
25833
25836
25838
25839
25849
25850
25851
25852
25853
25854
25855
25856
25858
25861
25862
25863
25865
25866
25867
25869
25871
25872
25873
25877
25878
25879
25880
25881
25882
25883
25884
25887
25888
25891
25893
25896
25898
25900
25901
25902
25903
25905
25906
25907
25908
25909
25910
25911
25914
25915
25917
25918
25919
25920
25922
25923
25924
25925
25927
25928
25929
25930
25931
25932
25933
25934
25935
25936
25937
25938
25939
25941
25942
25943
25946
25948
25949
25950
25951
25952
25953
25955
25957
25959
25960
25962
25963
25964
25966
25967
25968
25969
25970
25971
25972
25973
25974
25975
25976
25977
25978
25979
25982
25983
25984
25985
25986
25987
25988
25989
25990
25991
25993
25995
25996
25997
25998
25999
26000
26001
26002
26003
26005
26007
26008
26009
26010
26012
26018
26020
26021
26022
26024
26026
26027
26028
26031
26032
26033
26034
26036
26037
26038
26039
26040
26045
26047
26048
26052
26053
26054
26055
26056
26057
26059
26061
26065
26066
26067
26069
26070
26073
26074
26075
26076
26077
26078
26079
26081
26082
26083
26084
26085
26086
26087
26088
26089
26090
26091
26093
26094
26095
26099
26100
26101
26102
26103
26104
26105
26106
26107
26109
26110
26111
26114
26116
26117
26118
26119
26120
26121
26122
26123
26124
26127
26128
26129
26130
26131
26132
26133
26135
26138
26139
26140
26141
26142
26143
26144
26145
26147
26148
26149
26150
26151
26152
26153
26154
26156
26157
26158
26159
26160
26161
26162
26169
26172
26173
26174
26177
26178
26179
26182
26183
26184
26186
26188
26189
26190
26191
26192
26194
26195
26196
26197
26198
26199
26201
26202
26203
26205
26206
26207
26208
26209
26211
26212
26213
26215
26216
26220
26221
26222
26223
26226
26227
26229
26230
26231
26233
26234
26235
26236
26237
26238
26240
26242
26243
26244
26246
26247
26248
26249
26250
26251
26252
26254
26256
26257
26258
26259
26260
26261
26265
26270
26271
26272
26275
26277
26278
26280
26281
26282
26283
26284
26286
26287
26288
26289
26291
26292
26293
26294
26295
26296
26297
26298
26299
26300
26301
26302
26305
26306
26307
26308
26309
26312
26313
26314
26316
26319
26321
26323
26325
26326
26327
26328
26329
26331
26332
26333
26334
26335
26341
26342
26343
26344
26345
26347
26348
26349
26350
26351
26352
26355
26356
26358
26359
26360
26361
26365
26366
26369
26370
26372
26373
26374
26375
26376
26377
26378
26379
26380
26381
26382
26383
26387
26388
26390
26393
26394
26395
26396
26398
26399
26402
26403
26404
26408
26409
26410
26411
26413
26414
26415
26416
26417
26418
26419
26421
26422
26424
26426
26428
26430
26431
26434
26435
26436
26437
26438
26441
26443
26445
26446
26447
26448
26449
26451
26452
26453
26454
26456
26457
26458
26459
26462
26467
26468
26469
26470
26471
26472
26473
26474
26475
26476
26477
26480
26481
26482
26483
26485
26486
26487
26489
26495
26496
26497
26498
26499
26503
26504
26505
26506
26507
26508
26509
26512
26513
26514
26515
26516
26517
26519
26520
26521
26522
26523
26524
26525
26529
26531
26532
26533
26534
26535
26542
26543
26544
26545
26546
26547
26551
26553
26555
26557
26558
26559
26560
26561
26564
26565
26567
26569
26570
26571
26572
26573
26574
26576
26578
26581
26582
26583
26584
26586
26588
26589
26590
26591
26592
26593
26594
26595
26596
26598
26600
26601
26603
26604
26606
26609
26610
26611
26612
26614
26615
26616
26617
26618
26619
26620
26621
26622
26623
26624
26625
26626
26627
26628
26630
26631
26633
26634
26637
26638
26639
26640
26642
26643
26644
26645
26646
26647
26648
26649
26651
26653
26654
26656
26657
26658
26659
26660
26661
26662
26664
26666
26668
26672
26673
26674
26675
26677
26679
26681
26682
26683
26684
26685
26686
26688
26689
26690
26691
26692
26693
26694
26695
26697
26699
26700
26701
26702
26704
26705
26706
26707
26708
26709
26710
26711
26714
26715
26716
26717
26720
26721
26722
26723
26725
26727
26728
26730
26731
26732
26733
26734
26735
26738
26740
26741
26742
26747
26748
26749
26750
26752
26755
26756
26758
26759
26761
26762
26763
26766
26768
26770
26771
26772
26773
26775
26776
26777
26780
26781
26782
26784
26785
26787
26791
26794
26795
26800
26801
26802
26805
26809
26810
26811
26812
26814
26815
26817
26818
26821
26822
26823
26824
26825
26826
26827
26828
26829
26832
26833
26834
26835
26836
26837
26838
26839
26840
26841
26842
26843
26844
26845
26846
26847
26850
26851
26854
26856
26857
26858
26859
26862
26863
26864
26865
26866
26867
26868
26870
26872
26873
26875
26877
26878
26879
26880
26882
26883
26884
26886
26887
26888
26889
26890
26891
26892
26893
26894
26896
26897
26898
26899
26900
26902
26903
26904
26905
26906
26908
26909
26910
26912
26913
26914
26915
26917
26919
26920
26921
26922
26923
26924
26927
26929
26930
26933
26934
26935
26936
26938
26940
26941
26944
26945
26950
26951
26952
26953
26954
26955
26956
26957
26958
26960
26961
26963
26964
26965
26966
26967
26968
26969
26970
26974
26975
26976
26977
26978
26982
26985
26987
26988
26990
26991
26992
26994
26996
26997
26998
26999
27004
27005
27006
27008
27009
27010
27011
27012
27013
27015
27016
27018
27019
27020
27021
27025
27027
27028
27029
27030
27033
27034
27035
27036
27037
27038
27039
27041
27042
27047
27049
27050
27052
27053
27054
27056
27057
27058
27060
27061
27062
27063
27064
27066
27068
27069
27070
27071
27072
27073
27076
27077
27079
27080
27081
27082
27083
27084
27086
27087
27089
27090
27093
27095
27096
27097
27098
27099
27100
27101
27102
27103
27106
27107
27109
27113
27114
27116
27117
27118
27122
27124
27125
27126
27127
27128
27130
27133
27135
27136
27137
27138
27143
27144
27145
27146
27150
27151
27153
27154
27155
27157
27165
27169
27170
27171
27172
27173
27174
27176
27177
27179
27180
27183
27185
27186
27187
27189
27191
27192
27195
27197
27199
27200
27205
27209
27212
27213
27214
27215
27216
27217
27218
27220
27221
27223
27224
27225
27226
27227
27228
27230
27231
27232
27233
27235
27236
27237
27238
27239
27240
27245
27247
27250
27251
27253
27254
27255
27256
27257
27260
27261
27262
27263
27264
27265
27267
27268
27269
27270
27271
27273
27274
27275
27276
27277
27278
27279
27280
27285
27286
27287
27289
27294
27295
27296
27297
27298
27300
27301
27302
27303
27307
27308
27311
27312
27314
27317
27318
27319
27322
27323
27324
27325
27326
27327
27328
27329
27331
27333
27334
27335
27337
27340
27344
27345
27348
27349
27350
27351
27353
27357
27358
27360
27361
27362
27363
27364
27367
27368
27374
27375
27376
27378
27379
27382
27385
27386
27387
27389
27401
27404
27405
27406
27407
27409
27411
27412
27414
27418
27419
27420
27422
27423
27425
27426
27427
27429
27432
27433
27434
27436
27440
27441
27444
27445
27446
27447
27448
27449
27451
27452
27453
27454
27457
27458
27459
27460
27461
27462
27464
27465
27467
27468
27469
27470
27471
27473
27474
27475
27476
27477
27478
27479
27480
27482
27483
27484
27485
27486
27488
27489
27491
27493
27495
27496
27498
27499
27501
27503
27504
27505
27506
27507
27508
27509
27510
27511
27516
27517
27519
27520
27523
27525
27529
27530
27534
27538
27539
27542
27546
27547
27549
27551
27552
27553
27554
27556
27557
27559
27561
27562
27570
27571
27572
27573
27574
27575
27576
27577
27578
27579
27580
27581
27584
27585
27588
27589
27591
27594
27596
27598
27600
27601
27602
27603
27604
27605
27607
27608
27609
27610
27611
27613
27614
27615
27616
27620
27622
27624
27625
27626
27627
27628
27629
27630
27631
27632
27636
27637
27638
27640
27641
27642
27647
27653
27656
27657
27658
27660
27661
27662
27663
27664
27665
27666
27667
27668
27670
27671
27672
27673
27674
27675
27676
27678
27679
27682
27683
27684
27685
27686
27687
27688
27689
27690
27695
27696
27698
27699
27703
27707
27708
27710
27711
27712
27713
27715
27716
27717
27718
27719
27720
27721
27724
27726
27727
27728
27730
27731
27733
27735
27737
27739
27742
27743
27745
27746
27747
27748
27750
27751
27752
27753
27755
27756
27757
27759
27761
27762
27764
27765
27766
27769
27770
27771
27772
27774
27775
27776
27777
27778
27779
27780
27782
27783
27784
27786
27788
27790
27792
27793
27797
27798
27800
27801
27802
27803
27804
27805
27806
27809
27810
27811
27812
27813
27814
27815
27819
27820
27822
27823
27824
27826
27827
27829
27830
27831
27832
27834
27835
27836
27837
27838
27839
27840
27844
27845
27846
27850
27852
27853
27854
27855
27856
27858
27859
27861
27862
27863
27864
27865
27866
27867
27869
27871
27872
27875
27876
27877
27878
27880
27881
27882
27883
27884
27886
27887
27888
27889
27890
27891
27892
27894
27895
27896
27897
27900
27902
27903
27905
27906
27907
27909
27912
27914
27916
27917
27918
27919
27920
27921
27922
27925
27926
27927
27928
27929
27930
27931
27932
27934
27935
27937
27938
27940
27941
27942
27943
27944
27945
27946
27947
27949
27950
27951
27954
27955
27956
27957
27960
27969
27970
27973
27976
27978
27979
27981
27985
27986
27987
27988
27989
27991
27992
27993
27994
27996
27997
27999
28002
28003
28004
28006
28007
28008
28009
28010
28011
28012
28013
28014
28015
28016
28018
28020
28021
28022
28023
28024
28025
28026
28027
28028
28029
28031
28032
28034
28035
28036
28037
28038
28039
28040
28041
28043
28044
28045
28046
28047
28048
28050
28051
28052
28053
28055
28056
28058
28059
28060
28065
28066
28067
28069
28070
28071
28073
28074
28075
28076
28077
28078
28083
28084
28085
28086
28087
28088
28089
28090
28091
28092
28093
28097
28099
28100
28101
28102
28103
28105
28106
28107
28108
28110
28112
28113
28116
28118
28120
28121
28122
28123
28124
28125
28126
28127
28130
28131
28132
28134
28136
28138
28139
28140
28141
28142
28144
28145
28147
28148
28149
28150
28151
28152
28153
28154
28155
28157
28160
28161
28162
28164
28165
28166
28167
28168
28169
28170
28171
28172
28173
28174
28175
28176
28177
28178
28181
28184
28185
28186
28187
28188
28189
28191
28192
28193
28194
28195
28196
28198
28199
28200
28201
28202
28203
28204
28205
28207
28208
28209
28210
28211
28212
28213
28214
28215
28216
28217
28218
28219
28220
28222
28224
28226
28227
28228
28230
28231
28232
28233
28234
28235
28236
28237
28240
28241
28242
28243
28244
28245
28246
28248
28251
28252
28253
28257
28258
28259
28261
28263
28264
28265
28266
28267
28269
28273
28277
28278
28279
28280
28282
28283
28284
28285
28286
28287
28288
28289
28291
28292
28294
28295
28296
28304
28307
28311
28312
28314
28315
28316
28318
28320
28321
28322
28324
28325
28326
28327
28328
28329
28330
28331
28332
28333
28334
28335
28336
28337
28339
28340
28341
28344
28345
28347
28348
28349
28350
28352
28353
28354
28358
28359
28360
28361
28363
28364
28366
28368
28369
28370
28372
28373
28374
28375
28379
28380
28383
28384
28385
28386
28388
28391
28392
28393
28395
28396
28398
28400
28402
28403
28404
28406
28408
28409
28410
28412
28414
28417
28418
28419
28422
28423
28426
28427
28428
28429
28430
28431
28432
28433
28434
28438
28447
28448
28450
28451
28452
28453
28454
28455
28458
28459
28460
28461
28463
28464
28465
28467
28470
28471
28472
28473
28476
28477
28478
28479
28480
28481
28482
28483
28485
28486
28487
28488
28489
28492
28497
28500
28501
28503
28504
28505
28506
28507
28508
28509
28512
28513
28514
28515
28516
28521
28522
28523
28524
28525
28526
28527
28528
28530
28531
28532
28533
28534
28535
28537
28538
28539
28540
28542
28543
28544
28545
28546
28547
28549
28550
28551
28553
28554
28556
28557
28558
28559
28560
28561
28562
28564
28565
28567
28569
28571
28573
28574
28575
28576
28577
28578
28579
28580
28581
28582
28583
28584
28586
28587
28588
28589
28590
28591
28592
28595
28597
28602
28604
28605
28608
28609
28610
28611
28612
28616
28617
28618
28622
28623
28624
28625
28627
28628
28629
28630
28631
28632
28633
28634
28637
28639
28640
28641
28643
28644
28645
28647
28649
28650
28651
28652
28653
28655
28656
28657
28658
28659
28660
28661
28662
28664
28666
28667
28668
28669
28670
28671
28672
28673
28674
28676
28677
28678
28685
28686
28687
28690
28691
28692
28693
28695
28696
28697
28698
28702
28704
28707
28708
28710
28713
28714
28715
28716
28717
28721
28724
28725
28727
28728
28729
28732
28733
28735
28736
28737
28740
28741
28742
28743
28747
28748
28749
28753
28754
28755
28757
28758
28759
28762
28763
28764
28765
28766
28768
28769
28770
28771
28772
28773
28774
28775
28776
28777
28778
28780
28781
28782
28783
28784
28785
28786
28787
28788
28789
28791
28792
28793
28796
28798
28799
28802
28804
28805
28806
28808
28813
28814
28815
28820
28822
28823
28824
28825
28826
28827
28828
28829
28830
28831
28832
28833
28834
28835
28836
28837
28838
28843
28844
28845
28846
28848
28849
28851
28852
28856
28857
28858
28859
28862
28863
28865
28868
28869
28870
28872
28873
28874
28875
28876
28877
28878
28880
28881
28882
28883
28884
28885
28886
28888
28889
28890
28891
28892
28893
28894
28895
28900
28902
28903
28904
28905
28907
28908
28909
28910
28912
28913
28915
28919
28920
28921
28922
28923
28924
28925
28926
28928
28929
28930
28931
28932
28933
28934
28936
28937
28938
28939
28944
28945
28946
28947
28948
28950
28951
28952
28954
28955
28956
28958
28959
28960
28961
28962
28965
28966
28967
28968
28969
28970
28972
28973
28974
28976
28977
28978
28979
28980
28981
28983
28984
28985
28987
28989
28990
28991
28992
28994
28996
28997
28998
28999
29001
29003
29006
29007
29009
29010
29011
29012
29013
29015
29016
29019
29021
29022
29023
29025
29027
29031
29032
29034
29035
29036
29037
29039
29040
29041
29042
29043
29044
29045
29047
29048
29050
29052
29054
29055
29056
29057
29058
29059
29060
29062
29064
29065
29066
29067
29068
29070
29071
29072
29075
29076
29077
29078
29079
29080
29081
29085
29086
29087
29088
29091
29092
29093
29094
29095
29099
29100
29101
29102
29104
29106
29107
29108
29112
29114
29115
29117
29118
29119
29120
29121
29122
29123
29124
29125
29127
29129
29130
29131
29133
29134
29136
29141
29143
29144
29145
29147
29149
29152
29154
29155
29156
29157
29158
29159
29163
29164
29165
29167
29169
29170
29171
29172
29173
29175
29176
29177
29179
29180
29181
29182
29184
29185
29186
29188
29189
29191
29192
29195
29196
29198
29200
29202
29203
29204
29205
29206
29208
29209
29210
29211
29212
29213
29215
29216
29218
29219
29221
29222
29223
29225
29226
29227
29228
29229
29230
29231
29232
29233
29235
29236
29237
29238
29239
29241
29242
29243
29245
29246
29247
29249
29251
29252
29253
29254
29256
29259
29260
29262
29263
29264
29265
29269
29270
29272
29274
29275
29276
29277
29278
29279
29280
29282
29283
29284
29287
29290
29291
29292
29295
29297
29298
29299
29301
29302
29304
29305
29306
29307
29308
29309
29313
29315
29318
29322
29325
29327
29329
29330
29331
29333
29335
29343
29345
29346
29347
29349
29350
29352
29353
29354
29355
29356
29357
29358
29361
29362
29363
29364
29365
29367
29369
29370
29371
29372
29375
29376
29377
29387
29388
29390
29393
29394
29395
29396
29397
29399
29400
29401
29402
29403
29404
29407
29408
29409
29412
29413
29414
29415
29417
29418
29419
29420
29421
29424
29425
29427
29428
29429
29430
29431
29432
29433
29434
29436
29440
29441
29442
29443
29444
29448
29450
29452
29455
29456
29457
29458
29459
29460
29461
29462
29463
29464
29467
29468
29469
29470
29471
29473
29475
29478
29479
29480
29481
29483
29484
29485
29486
29487
29488
29489
29490
29491
29492
29493
29494
29495
29496
29497
29498
29499
29500
29502
29503
29504
29505
29509
29510
29511
29512
29514
29515
29516
29518
29519
29520
29521
29523
29524
29527
29528
29529
29530
29531
29532
29533
29535
29536
29537
29538
29539
29540
29541
29543
29544
29546
29547
29548
29549
29551
29553
29561
29564
29566
29567
29569
29572
29573
29575
29576
29577
29578
29579
29580
29581
29583
29585
29586
29587
29589
29593
29595
29598
29600
29601
29602
29604
29605
29606
29607
29608
29610
29612
29614
29615
29617
29619
29620
29623
29624
29625
29626
29633
29636
29639
29640
29641
29642
29644
29645
29646
29647
29648
29649
29650
29651
29652
29653
29656
29657
29658
29659
29660
29663
29664
29665
29666
29667
29668
29669
29670
29671
29672
29673
29675
29676
29678
29680
29681
29686
29687
29688
29689
29690
29691
29693
29694
29695
29696
29698
29699
29700
29701
29702
29703
29704
29706
29707
29708
29709
29717
29718
29719
29720
29721
29722
29723
29724
29725
29726
29728
29732
29733
29735
29736
29738
29739
29740
29742
29743
29744
29745
29747
29748
29750
29752
29753
29756
29757
29758
29761
29762
29764
29765
29766
29769
29770
29771
29773
29774
29775
29776
29777
29778
29780
29781
29782
29784
29786
29787
29788
29790
29791
29794
29796
29797
29798
29800
29803
29805
29809
29813
29814
29815
29817
29820
29821
29822
29823
29827
29828
29830
29832
29833
29834
29835
29837
29838
29841
29842
29843
29844
29845
29846
29847
29848
29849
29850
29852
29853
29854
29855
29856
29858
29859
29862
29864
29865
29867
29868
29869
29870
29872
29873
29874
29875
29876
29877
29878
29879
29880
29881
29882
29885
29886
29888
29890
29892
29893
29895
29898
29899
29900
29903
29904
29905
29906
29907
29910
29913
29915
29919
29921
29923
29926
29929
29932
29933
29934
29936
29938
29939
29940
29941
29942
29946
29947
29948
29951
29953
29954
29959
29960
29961
29962
29963
29965
29967
29968
29969
29970
29971
29973
29974
29975
29976
29978
29981
29982
29983
29984
29985
29986
29987
29988
29990
29991
29992
29994
29996
29997
29998
29999
30000
30002
30004
30005
30006
30007
30008
30010
30012
30014
30017
30018
30019
30021
30022
30023
30024
30025
30026
30029
30031
30032
30034
30035
30039
30040
30043
30046
30047
30048
30049
30050
30051
30053
30054
30058
30059
30060
30062
30063
30064
30065
30066
30068
30071
30072
30074
30075
30076
30078
30079
30080
30081
30082
30083
30084
30085
30088
30092
30093
30094
30095
30097
30098
30099
30105
30106
30110
30111
30112
30113
30115
30116
30117
30118
30120
30122
30125
30126
30130
30131
30132
30133
30134
30136
30137
30140
30141
30142
30143
30144
30146
30147
30148
30149
30150
30151
30154
30155
30156
30157
30160
30161
30162
30164
30167
30169
30170
30171
30172
30174
30183
30184
30185
30186
30188
30189
30192
30193
30194
30195
30196
30197
30198
30199
30200
30201
30202
30203
30204
30205
30207
30208
30211
30212
30213
30214
30215
30216
30217
30218
30219
30221
30222
30223
30226
30227
30228
30229
30230
30231
30232
30233
30234
30235
30236
30237
30238
30239
30242
30243
30244
30245
30246
30248
30252
30253
30254
30255
30256
30257
30258
30259
30260
30261
30263
30264
30265
30267
30268
30270
30271
30272
30273
30275
30276
30277
30278
30281
30282
30283
30285
30286
30287
30291
30293
30295
30296
30299
30300
30301
30302
30305
30306
30307
30308
30309
30310
30312
30313
30314
30315
30316
30317
30319
30320
30321
30322
30324
30325
30326
30327
30328
30329
30332
30333
30334
30335
30336
30337
30338
30339
30340
30341
30342
30343
30344
30345
30347
30349
30350
30351
30352
30353
30354
30355
30356
30357
30358
30359
30361
30362
30363
30364
30365
30366
30369
30370
30371
30372
30373
30374
30375
30376
30377
30380
30381
30383
30384
30385
30386
30387
30388
30391
30393
30394
30395
30396
30397
30399
30401
30403
30404
30406
30407
30408
30409
30410
30411
30412
30413
30414
30415
30417
30418
30420
30423
30425
30427
30428
30429
30433
30434
30435
30436
30437
30438
30440
30441
30442
30443
30444
30445
30446
30447
30451
30452
30453
30454
30455
30457
30459
30461
30462
30463
30464
30465
30466
30467
30468
30469
30470
30472
30473
30474
30475
30477
30479
30480
30481
30482
30485
30487
30488
30489
30490
30491
30492
30493
30494
30497
30499
30500
30501
30502
30504
30506
30507
30508
30509
30510
30511
30512
30513
30515
30516
30517
30519
30521
30522
30523
30524
30525
30526
30527
30529
30531
30532
30533
30534
30535
30536
30537
30538
30540
30542
30544
30545
30546
30547
30548
30551
30552
30553
30554
30556
30558
30559
30560
30561
30562
30563
30564
30565
30566
30567
30568
30569
30570
30571
30572
30573
30574
30575
30576
30577
30580
30582
30584
30588
30590
30591
30592
30594
30595
30596
30597
30598
30602
30603
30604
30605
30606
30607
30609
30610
30611
30612
30616
30617
30618
30619
30621
30623
30624
30625
30630
30631
30633
30634
30635
30636
30637
30639
30641
30642
30643
30644
30646
30647
30648
30649
30650
30651
30652
30653
30654
30655
30656
30657
30658
30659
30660
30661
30662
30663
30664
30665
30666
30667
30668
30669
30670
30673
30675
30678
30679
30681
30682
30683
30684
30685
30687
30688
30690
30691
30695
30697
30698
30699
30700
30701
30702
30703
30705
30708
30712
30713
30714
30715
30716
30717
30718
30719
30720
30721
30722
30723
30724
30725
30726
30727
30729
30730
30731
30732
30733
30734
30735
30737
30738
30739
30740
30741
30742
30743
30744
30746
30748
30749
30750
30752
30753
30754
30755
30756
30759
30761
30762
30763
30765
30772
30773
30774
30776
30777
30778
30779
30780
30784
30785
30788
30789
30790
30791
30793
30794
30796
30802
30803
30804
30805
30807
30808
30811
30812
30814
30817
30819
30820
30821
30822
30823
30824
30826
30827
30828
30831
30832
30834
30835
30837
30838
30839
30840
30841
30842
30844
30845
30847
30849
30850
30856
30857
30859
30860
30861
30865
30866
30867
30868
30869
30870
30871
30872
30875
30877
30879
30880
30882
30883
30884
30885
30886
30888
30889
30890
30892
30893
30896
30898
30899
30901
30902
30903
30905
30906
30907
30908
30909
30911
30912
30913
30914
30915
30916
30917
30918
30920
30921
30925
30927
30928
30929
30930
30932
30933
30935
30936
30937
30940
30941
30942
30945
30946
30948
30949
30951
30952
30953
30954
30955
30956
30959
30961
30962
30963
30964
30965
30966
30967
30968
30970
30972
30973
30974
30975
30976
30979
30980
30981
30982
30984
30986
30987
30988
30989
30991
30992
30993
30994
30996
30997
30999
31000
31001
31003
31007
31008
31010
31011
31012
31013
31014
31015
31016
31018
31022
31023
31025
31026
31028
31030
31031
31034
31035
31037
31038
31040
31042
31043
31045
31046
31048
31051
31053
31055
31056
31058
31059
31060
31061
31063
31064
31065
31067
31070
31072
31073
31074
31078
31080
31083
31084
31086
31089
31091
31092
31093
31096
31097
31099
31100
31101
31102
31104
31105
31112
31114
31117
31118
31121
31122
31124
31125
31128
31130
31132
31135
31139
31141
31142
31143
31144
31146
31147
31148
31149
31150
31152
31153
31154
31156
31157
31158
31161
31163
31164
31166
31171
31172
31173
31174
31175
31176
31177
31179
31181
31182
31183
31186
31187
31189
31190
31191
31192
31196
31197
31198
31203
31205
31206
31208
31209
31212
31213
31214
31215
31216
31220
31221
31222
31223
31225
31231
31232
31233
31235
31236
31237
31238
31239
31240
31241
31242
31243
31244
31245
31247
31248
31249
31250
31251
31252
31253
31255
31256
31257
31259
31260
31261
31264
31265
31267
31268
31269
31271
31273
31275
31276
31277
31278
31279
31282
31283
31284
31285
31287
31288
31290
31291
31292
31295
31296
31297
31298
31300
31301
31302
31305
31306
31307
31308
31311
31312
31313
31314
31315
31316
31317
31318
31322
31323
31325
31327
31328
31330
31331
31332
31333
31335
31337
31338
31340
31343
31346
31349
31352
31353
31354
31356
31357
31358
31359
31360
31361
31362
31363
31364
31365
31366
31367
31371
31374
31375
31376
31377
31378
31379
31381
31382
31383
31384
31385
31386
31387
31390
31391
31393
31394
31395
31396
31397
31398
31399
31400
31402
31403
31404
31405
31406
31407
31408
31410
31411
31412
31413
31414
31415
31416
31417
31419
31420
31421
31422
31423
31424
31425
31427
31428
31429
31431
31433
31434
31435
31437
31439
31442
31443
31444
31448
31449
31450
31451
31452
31453
31457
31458
31460
31461
31462
31463
31464
31466
31467
31468
31469
31477
31478
31479
31480
31481
31483
31484
31486
31489
31490
31492
31493
31495
31496
31497
31498
31500
31501
31502
31503
31504
31507
31508
31510
31513
31514
31516
31517
31518
31519
31520
31521
31522
31523
31524
31525
31526
31528
31529
31530
31531
31533
31534
31535
31537
31538
31539
31540
31541
31542
31543
31544
31545
31547
31548
31549
31551
31552
31553
31555
31556
31560
31563
31564
31566
31567
31569
31570
31572
31574
31575
31576
31577
31578
31580
31581
31582
31583
31584
31585
31586
31587
31588
31590
31592
31593
31594
31595
31596
31597
31598
31599
31600
31601
31603
31604
31605
31607
31608
31609
31610
31611
31612
31613
31614
31615
31616
31617
31619
31620
31621
31622
31623
31624
31625
31626
31627
31628
31629
31630
31632
31633
31634
31635
31636
31640
31642
31644
31645
31646
31647
31648
31649
31650
31651
31653
31655
31656
31657
31658
31659
31661
31662
31664
31665
31666
31667
31668
31669
31670
31671
31672
31673
31674
31675
31676
31678
31679
31680
31682
31688
31689
31690
31691
31693
31696
31699
31701
31703
31704
31709
31710
31711
31713
31714
31715
31717
31718
31719
31722
31723
31724
31725
31726
31727
31730
31731
31734
31735
31736
31739
31740
31741
31742
31743
31746
31747
31751
31752
31753
31755
31757
31758
31759
31760
31761
31763
31764
31765
31766
31767
31768
31774
31775
31776
31778
31779
31780
31784
31785
31787
31788
31789
31790
31792
31793
31794
31800
31802
31803
31804
31805
31806
31807
31809
31810
31811
31813
31814
31815
31818
31819
31820
31822
31823
31825
31826
31829
31831
31834
31835
31836
31837
31839
31840
31841
31844
31845
31846
31847
31848
31849
31850
31851
31854
31855
31857
31858
31859
31860
31861
31862
31863
31864
31865
31866
31867
31868
31869
31870
31871
31872
31874
31875
31879
31880
31884
31885
31886
31887
31888
31891
31892
31893
31895
31896
31897
31899
31900
31901
31902
31903
31904
31906
31907
31908
31909
31910
31912
31914
31915
31916
31917
31918
31919
31920
31923
31925
31928
31929
31930
31933
31934
31935
31936
31940
31943
31945
31948
31949
31950
31952
31953
31954
31955
31958
31960
31961
31966
31967
31968
31969
31971
31973
31974
31976
31977
31978
31979
31981
31982
31983
31985
31987
31988
31989
31990
31991
31992
31993
31995
31996
31997
31998
32000
32002
32003
32004
32005
32006
32008
32009
32010
32011
32014
32015
32017
32019
32020
32021
32022
32023
32024
32025
32027
32028
32030
32032
32033
32035
32036
32037
32038
32040
32041
32043
32044
32046
32048
32049
32050
32051
32054
32055
32056
32057
32058
32059
32060
32061
32062
32063
32064
32065
32069
32070
32071
32073
32074
32077
32079
32080
32081
32082
32083
32084
32086
32087
32088
32091
32092
32095
32096
32100
32101
32103
32104
32109
32110
32113
32114
32115
32116
32117
32118
32122
32123
32127
32128
32129
32132
32133
32134
32136
32138
32139
32140
32141
32143
32144
32145
32146
32148
32149
32150
32151
32152
32153
32154
32155
32158
32159
32161
32162
32163
32164
32166
32168
32174
32175
32176
32177
32180
32181
32182
32183
32184
32185
32186
32187
32189
32190
32191
32193
32194
32195
32198
32199
32200
32203
32204
32205
32206
32207
32209
32211
32212
32213
32214
32215
32216
32217
32218
32219
32220
32222
32224
32226
32228
32229
32230
32231
32232
32233
32234
32236
32237
32238
32239
32240
32241
32242
32243
32244
32245
32247
32248
32250
32251
32252
32253
32255
32256
32262
32263
32266
32269
32270
32271
32272
32273
32278
32279
32281
32282
32285
32286
32287
32288
32289
32290
32292
32293
32296
32297
32298
32299
32300
32301
32302
32304
32305
32306
32307
32308
32309
32310
32312
32313
32317
32318
32321
32324
32325
32326
32327
32328
32329
32330
32332
32333
32335
32336
32338
32339
32342
32343
32344
32345
32349
32350
32351
32352
32353
32354
32355
32356
32357
32358
32359
32360
32363
32364
32365
32366
32367
32368
32369
32370
32378
32379
32380
32381
32382
32383
32384
32385
32386
32387
32388
32389
32392
32394
32395
32396
32397
32398
32399
32400
32403
32404
32405
32406
32407
32408
32409
32411
32412
32413
32414
32415
32417
32418
32419
32420
32421
32422
32423
32424
32425
32427
32429
32430
32431
32432
32434
32436
32437
32438
32439
32440
32441
32442
32444
32445
32446
32447
32448
32449
32450
32451
32452
32453
32454
32457
32458
32459
32460
32463
32465
32466
32467
32468
32469
32471
32472
32473
32475
32476
32477
32479
32480
32481
32482
32483
32484
32485
32487
32488
32489
32490
32491
32492
32496
32497
32498
32499
32500
32501
32502
32504
32505
32507
32509
32510
32511
32513
32514
32516
32517
32519
32520
32521
32522
32523
32525
32526
32527
32528
32529
32530
32532
32533
32534
32535
32537
32538
32539
32540
32541
32543
32544
32545
32546
32547
32550
32551
32552
32553
32554
32555
32556
32557
32559
32560
32561
32562
32563
32564
32566
32567
32568
32569
32572
32573
32575
32577
32579
32580
32581
32582
32584
32586
32587
32588
32589
32591
32592
32593
32594
32595
32596
32597
32598
32601
32602
32603
32604
32606
32607
32609
32615
32617
32618
32619
32620
32621
32623
32624
32629
32630
32631
32632
32633
32634
32636
32638
32639
32641
32642
32644
32645
32646
32647
32648
32651
32652
32654
32655
32656
32660
32662
32663
32665
32667
32668
32671
32672
32673
32675
32676
32677
32678
32679
32680
32682
32684
32685
32690
32692
32693
32694
32696
32697
32699
32701
32702
32703
32705
32706
32708
32709
32711
32713
32714
32716
32717
32718
32719
32720
32721
32723
32724
32725
32726
32727
32728
32729
32730
32731
32732
32735
32736
32737
32738
32739
32740
32741
32742
32743
32745
32746
32747
32748
32750
32751
32752
32753
32754
32755
32756
32757
32758
32760
32761
32763
32764
32765
32766
32767
32768
32771
32772
32773
32774
32776
32777
32780
32781
32782
32783
32784
32785
32786
32787
32788
32789
32790
32791
32795
32796
32797
32798
32799
32800
32801
32803
32804
32805
32806
32807
32810
32811
32812
32813
32814
32815
32816
32818
32819
32821
32822
32823
32825
32826
32827
32828
32829
32833
32834
32835
32837
32840
32841
32842
32843
32844
32845
32846
32847
32850
32856
32857
32858
32859
32860
32861
32862
32863
32864
32865
32866
32867
32868
32869
32871
32874
32875
32876
32878
32880
32881
32882
32883
32884
32885
32886
32887
32888
32890
32891
32892
32893
32894
32895
32896
32898
32921
32922
32924
32925
32926
32927
32928
32929
32930
32932
32933
32937
32939
32940
32941
32942
32943
32944
32945
32948
32949
32950
32951
32952
32953
32954
32956
32958
32959
32961
32962
32963
32964
32966
32967
32968
32969
32970
32971
32972
32973
32974
32975
32977
32978
32979
32980
32981
32982
32983
32984
32985
32986
32987
32988
32989
32990
32993
32994
32996
32997
32998
32999
33000
33001
33002
33003
33004
33005
33007
33008
33011
33012
33013
33014
33016
33018
33020
33021
33023
33025
33026
33028
33029
33030
33031
33032
33033
33034
33035
33036
33037
33038
33039
33040
33041
33042
33043
33044
33045
33046
33047
33048
33049
33050
33051
33052
33053
33054
33055
33056
33057
33058
33059
33060
33061
33062
33063
33064
33065
33066
33067
33068
33069
33070
33072
33073
33074
33075
33076
33077
33078
33079
33081
33082
33083
33085
33086
33088
33092
33093
33094
33095
33098
33099
33100
33101
33102
33103
33104
33105
33106
33109
33111
33112
33113
33115
33116
33117
33118
33119
33121
33122
33124
33125
33126
33127
33130
33131
33132
33133
33134
33135
33136
33137
33138
33139
33140
33141
33142
33143
33144
33145
33148
33149
33151
33152
33154
33155
33156
33157
33158
33159
33160
33161
33162
33163
33164
33166
33167
33169
33171
33172
33173
33174
33175
33178
33179
33180
33181
33183
33184
33185
33186
33187
33189
33190
33191
33192
33193
33194
33196
33197
33198
33199
33200
33201
33202
33203
33204
33205
33206
33207
33209
33210
33211
33212
33213
33214
33215
33216
33217
33218
33220
33222
33223
33224
33225
33226
33228
33229
33230
33231
33233
33234
33235
33236
33237
33238
33239
33241
33243
33247
33248
33249
33251
33252
33253
33254
33257
33258
33259
33260
33261
33262
33263
33264
33268
33269
33270
33271
33274
33275
33278
33281
33282
33283
33286
33287
33288
33290
33291
33292
33294
33296
33297
33299
33300
33302
33303
33304
33306
33308
33309
33310
33311
33312
33313
33317
33319
33321
33322
33324
33325
33328
33332
33333
33334
33335
33336
33337
33338
33339
33340
33342
33343
33344
33346
33347
33348
33349
33353
33354
33355
33356
33358
33360
33361
33362
33364
33365
33367
33370
33371
33372
33373
33374
33376
33377
33378
33379
33380
33381
33382
33383
33384
33385
33388
33390
33391
33392
33394
33395
33396
33399
33401
33402
33403
33406
33407
33408
33410
33411
33412
33414
33415
33416
33420
33421
33422
33423
33424
33425
33427
33428
33429
33430
33433
33434
33435
33436
33442
33443
33444
33445
33446
33448
33449
33450
33451
33452
33453
33454
33455
33456
33457
33459
33461
33462
33464
33465
33466
33467
33469
33470
33472
33473
33474
33475
33476
33477
33480
33482
33483
33484
33485
33486
33487
33489
33491
33492
33494
33498
33500
33502
33503
33504
33505
33506
33507
33508
33509
33511
33512
33514
33515
33516
33517
33518
33519
33520
33522
33523
33525
33527
33528
33529
33531
33533
33534
33535
33536
33537
33540
33541
33542
33546
33549
33550
33551
33552
33553
33555
33557
33558
33559
33561
33562
33563
33564
33565
33566
33567
33568
33569
33570
33573
33574
33577
33580
33581
33583
33584
33585
33587
33588
33589
33590
33591
33592
33593
33594
33596
33597
33598
33600
33601
33602
33604
33606
33609
33610
33611
33612
33613
33614
33616
33617
33620
33621
33622
33623
33624
33625
33626
33627
33629
33630
33631
33632
33633
33634
33636
33637
33638
33639
33641
33642
33644
33645
33646
33654
33657
33658
33659
33661
33662
33663
33665
33666
33669
33670
33671
33672
33674
33675
33676
33677
33678
33679
33680
33681
33682
33683
33686
33688
33689
33690
33693
33694
33696
33698
33699
33701
33702
33703
33711
33712
33714
33723
33724
33725
33726
33727
33728
33729
33730
33732
33738
33740
33741
33742
33743
33744
33745
33746
33747
33749
33750
33752
33753
33754
33755
33757
33759
33764
33765
33768
33770
33771
33772
33774
33775
33776
33778
33779
33780
33781
33782
33783
33784
33785
33786
33787
33788
33789
33790
33791
33792
33793
33795
33796
33800
33805
33807
33810
33811
33813
33817
33818
33819
33820
33821
33822
33823
33824
33825
33826
33827
33828
33830
33831
33832
33833
33834
33835
33836
33840
33841
33842
33843
33845
33847
33849
33850
33851
33852
33853
33854
33855
33856
33857
33858
33860
33861
33862
33864
33865
33866
33867
33868
33869
33870
33872
33874
33875
33876
33877
33878
33880
33881
33886
33887
33888
33889
33890
33891
33892
33893
33894
33896
33900
33902
33903
33904
33905
33906
33907
33908
33909
33912
33914
33915
33916
33917
33918
33919
33920
33921
33922
33924
33925
33926
33929
33932
33933
33934
33935
33936
33937
33938
33939
33943
33944
33945
33946
33947
33949
33950
33951
33952
33953
33954
33955
33956
33959
33960
33961
33962
33963
33965
33966
33968
33969
33970
33971
33972
33973
33974
33975
33976
33977
33978
33979
33980
33983
33985
33986
33987
33989
33990
33991
33993
33995
33996
33997
34001
34003
34004
34005
34006
34007
34008
34010
34011
34017
34018
34020
34022
34023
34024
34025
34026
34027
34028
34029
34031
34032
34033
34036
34037
34038
34039
34040
34042
34043
34044
34045
34046
34047
34048
34049
34050
